25
1 19 2.74 6.14 3.55
2 38 3.00 6.58 3.80
3 50 3.32 8.20 4.65
4 60 3.34 8.17 4.62
5 70 3.35 8.14 4.57
6 80 3.36 8.10 4.51 
7 90 3.37 8.07 4.46
8 100 3.38 8.02 4.41
9 125 3.39 7.93 4.37
10 150 3.41 7.85 4.35
11 175 3.43 7.89 4.36
12 200 3.46 7.98 4.38
13 225 3.48 8.10 4.42
14 250 3.50 8.21 4.46
15 300 3.53 8.38 4.54
16 350 3.58 8.62 4.68
17 400 3.62 8.87 4.85
18 450 3.69 9.15 5.04
19 500 3.82 9.45 5.21
20 600 4.01 9.88 5.45
21 700 4.21 10.30 5.76
22 800 4.40 10.71 6.03
23 900 4.56 11.10 6.23
24 1000 4.63 11.35 6.32
25 0   4.74 11.60 6.42