27 1
1.666667 1.800000 3.600000
1.666667 1.800000 3.600000
1.666667 1.800000 3.600000
1.250000 1.800000 4.000000
1.250000 1.800000 4.000000
1.250000 1.800000 4.000000
1.250000 1.800000 4.000000
2.500000 2.500000 4.200000
2.500000 2.500000 4.200000
2.500000 2.500000 4.200000
2.500000 2.500000 4.200000
2.500000 3.200000 4.400000
2.500000 3.200000 4.400000
2.500000 3.200000 4.400000
2.500000 3.200000 4.400000
2.500000 3.200000 4.600000
2.500000 3.200000 4.600000
2.500000 3.200000 4.600000
2.500000 3.200000 4.600000
2.500000 3.400000 4.800000
2.500000 3.400000 4.800000
2.500000 3.400000 4.800000
2.500000 3.400000 4.800000
10.0  3.40 4.80
10.0 3.40 4.80
20.0 2.40 4.80
0.0 4.000000 4.800000
15 15 0 0
8.000000 3.240800
10.000000 3.287700
12.000000 3.353300
14.000000 3.428200
16.000000 3.505800
18.000000 3.574500
20.000000 3.645900
22.000000 3.708800
24.000000 3.757200
26.000000 3.791600
28.000000 3.812900
30.000000 3.827800
32.000000 3.846000
35.000000 3.857500
40.000000 3.881200
8.000000 3.076100
10.000000 3.000400
12.000000 2.962800
14.000000 2.954600
16.000000 2.990300
18.000000 3.034800
20.000000 3.087900
22.000000 3.228700
24.000000 3.365100
26.000000 3.474800
28.000000 3.576900
30.000000 3.667100
32.000000 3.709000
35.000000 3.726500
40.000000 3.821900
0.1 0.2 10 20
1000
